00
00
00
00
00
00
00
00
00
00
00
00
00
00
00
00
00
00
00
00
7C
82
AA
82
82
BA
82
7C
00
00
00
00
00
00
00
00
3C
7E
5A
7E
7E
42
7E
3C
00
00
00
00
00
00
00
00
44
EE
FE
FE
7C
38
10
00
00
00
00
00
00
00
00
00
10
38
7C
FE
7C
38
10
00
00
00
00
00
00
00
00
00
10
38
10
54
FE
54
10
38
00
00
00
00
00
00
00
00
10
38
7C
FE
FE
54
10
38
00
00
00
00
00
00
00
00
00
18
3C
3C
18
00
00
00
00
00
00
00
00
FE
FE
FE
FE
EE
C6
C6
EE
FE
FE
FE
FE
FE
FE
00
00
00
00
00
00
3C
66
42
42
66
3C
00
00
00
00
00
00
FE
FE
FE
FE
C6
92
BA
BA
92
C6
FE
FE
FE
FE
00
00
00
00
1E
06
0A
10
78
84
84
84
78
00
00
00
00
00
00
00
3C
42
42
42
3C
18
7E
18
18
00
00
00
00
00
00
00
1E
10
1E
10
10
10
70
F0
E0
00
00
00
00
00
00
00
3E
22
3E
22
22
22
2E
EE
EC
C0
00
00
00
00
00
00
10
92
54
38
EE
38
54
92
10
00
00
00
00
00
00
00
40
60
70
78
7C
78
70
60
40
00
00
00
00
00
00
00
04
0C
1C
3C
7C
3C
1C
0C
04
00
00
00
00
00
00
00
10
38
54
10
10
10
54
38
10
00
00
00
00
00
00
44
44
44
44
44
44
44
00
44
44
00
00
00
00
00
00
00
7E
92
92
92
72
12
12
12
12
00
00
00
00
00
00
3C
42
20
3C
42
42
42
3C
04
42
3C
00
00
00
00
00
00
00
00
00
00
00
00
FE
FE
FE
00
00
00
00
00
00
10
38
54
10
10
10
54
38
10
7C
00
00
00
00
00
00
00
10
38
54
92
10
10
10
10
10
00
00
00
00
00
00
00
10
10
10
10
10
92
54
38
10
00
00
00
00
00
00
00
00
10
08
04
FE
04
08
10
00
00
00
00
00
00
00
00
00
10
20
40
FE
40
20
10
00
00
00
00
00
00
00
00
00
00
00
40
40
40
7E
00
00
00
00
00
00
00
00
00
00
00
24
42
FF
42
24
00
00
00
00
00
00
00
00
00
00
00
00
00
10
10
38
38
7C
7C
FE
FE
00
00
FE
FE
7C
7C
38
38
10
10
00
00
00
00
00
00
00
00
00
00
00
00
00
00
00
00
00
00
00
00
00
00
00
00
00
10
10
10
10
10
10
10
00
10
10
00
00
00
00
00
00
24
24
24
24
00
00
00
00
00
00
00
00
00
00
00
00
00
44
44
FE
44
44
44
FE
44
44
00
00
00
00
00
00
10
7C
92
90
90
7C
12
12
92
7C
10
00
00
00
00
00
00
62
92
64
08
10
20
4C
92
8C
00
00
00
00
00
00
00
38
44
44
38
52
8C
84
84
7A
00
00
00
00
00
00
30
10
10
20
00
00
00
00
00
00
00
00
00
00
00
00
08
10
20
20
20
20
20
20
10
08
00
00
00
00
00
00
20
10
08
08
08
08
08
08
10
20
00
00
00
00
00
00
00
10
54
38
FE
38
54
10
00
00
00
00
00
00
00
00
00
10
10
10
FE
10
10
10
00
00
00
00
00
00
00
00
00
00
00
00
00
00
00
00
30
30
10
20
00
00
00
00
00
00
00
00
7E
00
00
00
00
00
00
00
00
00
00
00
00
00
00
00
00
00
00
00
18
18
00
00
00
00
00
00
04
04
08
08
10
10
20
20
40
40
00
00
00
00
00
00
3C
42
42
46
4A
52
62
42
42
3C
00
00
00
00
00
00
04
0C
14
24
04
04
04
04
04
04
00
00
00
00
00
00
3C
42
02
02
04
08
10
20
40
7E
00
00
00
00
00
00
3C
42
02
02
1C
02
02
02
42
3C
00
00
00
00
00
00
04
0C
14
24
44
84
FE
04
04
04
00
00
00
00
00
00
7E
40
40
40
7C
02
02
02
42
3C
00
00
00
00
00
00
3C
40
40
40
7C
42
42
42
42
3C
00
00
00
00
00
00
7E
02
02
04
08
10
10
10
10
10
00
00
00
00
00
00
38
44
82
44
38
44
82
82
44
38
00
00
00
00
00
00
3C
42
42
42
42
3E
02
02
02
3C
00
00
00
00
00
00
00
00
18
18
00
00
18
18
00
00
00
00
00
00
00
00
00
00
00
00
18
18
00
00
18
18
08
10
00
00
00
00
00
04
08
10
20
40
20
10
08
04
00
00
00
00
00
00
00
00
00
7E
00
00
7E
00
00
00
00
00
00
00
00
00
00
40
20
10
08
04
08
10
20
40
00
00
00
00
00
00
3C
42
02
02
04
08
10
00
10
10
00
00
00
00
00
00
00
7C
82
BA
AA
AA
AA
9C
80
7C
00
00
00
00
00
00
18
24
42
42
42
7E
42
42
42
42
00
00
00
00
00
00
7C
42
42
42
7C
42
42
42
42
7C
00
00
00
00
00
00
3C
42
40
40
40
40
40
40
42
3C
00
00
00
00
00
00
78
44
42
42
42
42
42
42
44
78
00
00
00
00
00
00
7E
40
40
40
7C
40
40
40
40
7E
00
00
00
00
00
00
7E
40
40
40
7C
40
40
40
40
40
00
00
00
00
00
00
3E
40
40
40
4E
42
42
42
42
3E
00
00
00
00
00
00
42
42
42
42
7E
42
42
42
42
42
00
00
00
00
00
00
1C
08
08
08
08
08
08
08
08
1C
00
00
00
00
00
00
02
02
02
02
02
02
02
42
42
3C
00
00
00
00
00
00
42
44
48
50
60
60
50
48
44
42
00
00
00
00
00
00
40
40
40
40
40
40
40
40
40
7E
00
00
00
00
00
00
82
C6
AA
92
82
82
82
82
82
82
00
00
00
00
00
00
82
C2
A2
A2
92
92
8A
8A
86
82
00
00
00
00
00
00
3C
42
42
42
42
42
42
42
42
3C
00
00
00
00
00
00
7C
42
42
42
42
7C
40
40
40
40
00
00
00
00
00
00
3C
42
42
42
42
42
42
52
4A
3C
04
02
00
00
00
00
7C
42
42
42
42
7C
48
44
42
42
00
00
00
00
00
00
3E
40
40
40
3C
02
02
02
02
7C
00
00
00
00
00
00
FE
10
10
10
10
10
10
10
10
10
00
00
00
00
00
00
42
42
42
42
42
42
42
42
42
3C
00
00
00
00
00
00
82
82
82
82
82
82
82
44
28
10
00
00
00
00
00
00
82
82
82
82
82
82
92
AA
C6
82
00
00
00
00
00
00
82
82
44
28
10
10
28
44
82
82
00
00
00
00
00
00
82
82
82
44
28
10
10
10
10
10
00
00
00
00
00
00
FE
02
02
04
08
10
20
40
80
FE
00
00
00
00
00
00
3C
20
20
20
20
20
20
20
20
3C
00
00
00
00
00
00
40
40
20
20
10
10
08
08
04
04
00
00
00
00
00
00
3C
04
04
04
04
04
04
04
04
3C
00
00
00
00
00
00
10
28
44
00
00
00
00
00
00
00
00
00
00
00
00
00
00
00
00
00
00
00
00
00
00
00
FF
00
00
00
00
00
10
10
08
00
00
00
00
00
00
00
00
00
00
00
00
00
00
00
00
3C
02
02
3E
42
42
3E
00
00
00
00
00
00
40
40
40
7C
42
42
42
42
42
7C
00
00
00
00
00
00
00
00
00
3E
40
40
40
40
40
3E
00
00
00
00
00
00
02
02
02
3E
42
42
42
42
42
3E
00
00
00
00
00
00
00
00
00
3C
42
42
7E
40
40
3E
00
00
00
00
00
00
0E
10
10
7E
10
10
10
10
10
10
00
00
00
00
00
00
00
00
00
3C
42
42
42
42
42
3E
02
02
3C
00
00
00
40
40
40
7C
42
42
42
42
42
42
00
00
00
00
00
00
08
08
00
38
08
08
08
08
08
3E
00
00
00
00
00
00
04
04
00
1C
04
04
04
04
04
04
04
04
78
00
00
00
40
40
40
42
44
48
70
48
44
42
00
00
00
00
00
00
38
08
08
08
08
08
08
08
08
3E
00
00
00
00
00
00
00
00
00
EC
92
92
92
92
92
92
00
00
00
00
00
00
00
00
00
7C
42
42
42
42
42
42
00
00
00
00
00
00
00
00
00
3C
42
42
42
42
42
3C
00
00
00
00
00
00
00
00
00
7C
42
42
42
42
42
7C
40
40
40
00
00
00
00
00
00
3E
42
42
42
42
42
3E
02
02
02
00
00
00
00
00
00
5E
60
40
40
40
40
40
00
00
00
00
00
00
00
00
00
3E
40
40
3C
02
02
7C
00
00
00
00
00
00
00
10
10
7E
10
10
10
10
10
0E
00
00
00
00
00
00
00
00
00
42
42
42
42
42
42
3E
00
00
00
00
00
00
00
00
00
42
42
42
42
42
24
18
00
00
00
00
00
00
00
00
00
92
92
92
92
92
92
6C
00
00
00
00
00
00
00
00
00
42
42
24
18
24
42
42
00
00
00
00
00
00
00
00
00
42
42
42
42
42
42
3E
02
02
3C
00
00
00
00
00
00
7E
04
08
10
20
40
7E
00
00
00
00
00
00
0C
10
10
10
20
20
10
10
10
0C
00
00
00
00
00
10
10
10
10
10
00
00
10
10
10
10
10
00
00
00
00
00
30
08
08
08
04
04
08
08
08
30
00
00
00
00
00
00
00
00
00
00
62
92
8C
00
00
00
00
00
00
00
00
00
00
00
00
10
28
44
82
82
FE
00
00
00
00
00
00
00
3C
42
40
40
40
40
40
40
42
3C
04
02
3C
00
00
00
00
24
24
00
42
42
42
42
42
3C
00
00
00
00
00
00
04
08
10
00
3C
42
42
7E
40
3E
00
00
00
00
00
00
10
28
44
00
3C
02
3E
42
42
3E
00
00
00
00
00
00
00
24
24
00
3C
02
3E
42
42
3E
00
00
00
00
00
00
10
08
04
00
3C
02
3E
42
42
3E
00
00
00
00
00
00
1C
22
1C
00
3C
02
3E
42
42
3E
00
00
00
00
00
00
00
00
00
00
3C
42
40
40
42
3C
08
04
78
00
00
00
18
24
42
00
3C
42
7E
40
42
3C
00
00
00
00
00
00
00
24
24
00
3C
42
7E
40
42
3C
00
00
00
00
00
00
20
10
08
00
3C
42
7E
40
42
3C
00
00
00
00
00
00
00
22
22
00
38
08
08
08
08
3E
00
00
00
00
00
00
08
14
22
00
38
08
08
08
08
3E
00
00
00
00
00
00
10
08
04
00
38
08
08
08
08
3E
00
00
00
00
00
66
00
18
24
42
42
7E
42
42
42
42
00
00
00
00
00
18
24
18
24
42
42
7E
42
42
42
42
00
00
00
00
00
0C
30
00
7C
40
40
78
40
40
40
7C
00
00
00
00
00
00
00
00
00
00
6C
12
7C
90
92
7C
00
00
00
00
00
00
00
3E
48
88
88
FE
88
88
88
8E
00
00
00
00
00
00
00
18
24
00
3C
42
42
42
42
3C
00
00
00
00
00
00
00
24
42
00
3C
42
42
42
42
3C
00
00
00
00
00
00
20
10
08
00
3C
42
42
42
42
3C
00
00
00
00
00
00
18
24
42
00
42
42
42
42
42
3E
00
00
00
00
00
00
20
10
08
00
42
42
42
42
42
3E
00
00
00
00
00
00
24
24
00
00
42
42
42
42
42
3E
02
3C
00
00
00
C6
00
7C
82
82
82
82
82
82
82
7C
00
00
00
00
00
C6
00
82
82
82
82
82
82
82
82
7C
00
00
00
00
00
00
10
10
7C
82
80
80
82
7C
10
10
00
00
00
00
00
00
38
44
44
40
F0
40
40
60
D6
CC
00
00
00
00
00
00
82
44
28
10
10
7C
10
7C
10
10
00
00
00
00
00
00
F8
84
84
84
F8
80
88
9E
88
88
06
00
00
00
00
00
0C
12
10
10
10
7C
10
10
10
90
60
00
00
00
00
00
08
10
20
00
3C
02
3E
42
42
3E
00
00
00
00
00
00
04
08
10
00
38
08
08
08
08
3E
00
00
00
00
00
00
08
10
20
00
3C
42
42
42
42
3C
00
00
00
00
00
00
08
10
20
00
42
42
42
42
42
3E
00
00
00
00
00
00
00
32
4C
00
7C
42
42
42
42
42
00
00
00
00
00
32
4C
00
82
C2
A2
92
8A
86
82
82
00
00
00
00
00
00
00
3C
44
44
3E
00
7E
00
00
00
00
00
00
00
00
00
00
3C
42
42
3C
00
7E
00
00
00
00
00
00
00
00
00
10
10
00
10
10
10
20
40
42
3C
00
00
00
00
00
00
00
00
00
00
7E
40
40
40
00
00
00
00
00
00
00
00
00
00
00
00
7E
02
02
02
00
00
00
00
00
00
00
20
60
20
22
24
08
10
20
4C
92
04
08
1E
00
00
00
20
60
20
22
24
08
10
22
46
8A
1E
02
02
00
00
00
00
10
10
00
10
10
10
10
10
10
10
00
00
00
00
00
00
00
09
12
24
48
90
48
24
12
09
00
00
00
00
00
00
00
90
48
24
12
09
12
24
48
90
00
00
00
00
44
11
44
11
44
11
44
11
44
11
44
11
44
11
44
11
AA
55
AA
55
AA
55
AA
55
AA
55
AA
55
AA
55
AA
55
77
DD
77
DD
77
DD
77
DD
77
DD
77
DD
77
DD
77
DD
18
18
18
18
18
18
18
18
18
18
18
18
18
18
18
18
18
18
18
18
18
18
18
18
F8
18
18
18
18
18
18
18
18
18
18
18
18
18
F8
18
F8
18
18
18
18
18
18
18
36
36
36
36
36
36
36
36
F6
36
36
36
36
36
36
36
00
00
00
00
00
00
00
00
FE
36
36
36
36
36
36
36
00
00
00
00
00
00
F8
18
F8
18
18
18
18
18
18
18
36
36
36
36
36
36
F6
06
F6
36
36
36
36
36
36
36
36
36
36
36
36
36
36
36
36
36
36
36
36
36
36
36
00
00
00
00
00
00
FE
06
F6
36
36
36
36
36
36
36
36
36
36
36
36
36
F6
06
FE
00
00
00
00
00
00
00
36
36
36
36
36
36
36
36
FE
00
00
00
00
00
00
00
18
18
18
18
18
18
F8
18
F8
00
00
00
00
00
00
00
00
00
00
00
00
00
00
00
F8
18
18
18
18
18
18
18
18
18
18
18
18
18
18
18
1F
00
00
00
00
00
00
00
18
18
18
18
18
18
18
18
FF
00
00
00
00
00
00
00
00
00
00
00
00
00
00
00
FF
18
18
18
18
18
18
18
18
18
18
18
18
18
18
18
1F
18
18
18
18
18
18
18
00
00
00
00
00
00
00
00
FF
00
00
00
00
00
00
00
18
18
18
18
18
18
18
18
FF
18
18
18
18
18
18
18
18
18
18
18
18
18
1F
18
1F
18
18
18
18
18
18
18
36
36
36
36
36
36
36
36
37
36
36
36
36
36
36
36
36
36
36
36
36
36
37
30
3F
00
00
00
00
00
00
00
00
00
00
00
00
00
3F
30
37
36
36
36
36
36
36
36
36
36
36
36
36
36
F7
00
FF
00
00
00
00
00
00
00
00
00
00
00
00
00
FF
00
F7
36
36
36
36
36
36
36
36
36
36
36
36
36
37
30
37
36
36
36
36
36
36
36
00
00
00
00
00
00
FF
00
FF
00
00
00
00
00
00
00
36
36
36
36
36
36
F7
00
F7
36
36
36
36
36
36
36
18
18
18
18
18
18
FF
00
FF
00
00
00
00
00
00
00
36
36
36
36
36
36
36
36
FF
00
00
00
00
00
00
00
00
00
00
00
00
00
FF
00
FF
18
18
18
18
18
18
18
00
00
00
00
00
00
00
00
FF
36
36
36
36
36
36
36
36
36
36
36
36
36
36
36
3F
00
00
00
00
00
00
00
1C
18
18
18
18
18
1F
18
1F
00
00
00
00
00
00
00
00
00
00
00
00
00
1F
18
1F
18
18
18
18
18
18
18
00
00
00
00
00
00
00
00
3F
36
36
36
36
36
36
36
36
36
36
36
36
36
36
36
FF
36
36
36
36
36
36
36
18
18
18
18
18
18
FF
18
FF
18
18
18
18
18
18
18
18
18
18
18
18
18
18
18
F8
00
00
00
00
00
00
00
00
00
00
00
00
00
00
00
1F
18
18
18
18
18
18
18
FF
FF
FF
FF
FF
FF
FF
FF
FF
FF
FF
FF
FF
FF
FF
FF
00
00
00
00
00
00
00
00
FF
FF
FF
FF
FF
FF
FF
FF
F0
F0
F0
F0
F0
F0
F0
F0
F0
F0
F0
F0
F0
F0
F0
F0
0F
0F
0F
0F
0F
0F
0F
0F
0F
0F
0F
0F
0F
0F
0F
0F
FF
FF
FF
FF
FF
FF
FF
FF
00
00
00
00
00
00
00
00
00
00
00
00
00
00
00
76
88
88
88
76
00
00
00
00
00
00
00
1C
22
42
42
7C
42
42
42
7C
40
40
00
00
00
00
00
FE
42
42
40
40
40
40
40
E0
00
00
00
00
00
00
00
00
00
00
00
7E
24
24
24
64
00
00
00
00
00
00
00
FE
82
40
20
10
20
40
82
FE
00
00
00
00
00
00
00
00
00
00
00
3E
44
44
44
38
00
00
00
00
00
00
00
00
00
00
00
42
42
42
42
7C
40
40
80
00
00
00
00
00
00
00
00
7E
10
10
10
10
20
00
00
00
00
00
00
10
10
38
54
92
92
92
54
38
10
10
00
00
00
00
00
00
00
38
44
82
FE
82
44
38
00
00
00
00
00
00
00
00
00
38
44
82
82
82
44
C6
00
00
00
00
00
00
00
1C
22
20
10
18
24
42
42
3C
00
00
00
00
00
00
00
00
00
00
44
AA
92
AA
44
00
00
00
00
00
00
00
00
00
00
3A
44
8A
92
A2
44
B8
00
00
00
00
00
00
00
00
00
00
00
3E
40
7C
40
3E
00
00
00
00
00
00
00
00
00
7C
82
82
82
82
82
82
00
00
00
00
00
00
00
00
00
FE
00
FE
00
FE
00
00
00
00
00
00
00
00
00
00
00
10
10
7C
10
10
00
7C
00
00
00
00
00
00
00
20
10
08
04
08
10
20
00
7E
00
00
00
00
00
00
00
04
08
10
20
10
08
04
00
7E
00
00
00
00
00
00
00
0E
11
10
10
10
10
10
10
10
10
10
10
10
10
10
10
10
10
10
10
10
10
10
10
90
60
00
00
00
00
00
00
10
10
00
00
FE
00
00
10
10
00
00
00
00
00
00
00
00
00
60
92
0C
60
92
0C
00
00
00
00
00
00
00
30
48
48
48
30
00
00
00
00
00
00
00
00
00
00
00
00
00
00
00
10
38
10
00
00
00
00
00
00
00
00
00
00
00
00
00
10
10
00
00
00
00
00
00
00
00
00
00
00
00
3E
20
20
20
20
A0
60
20
00
00
00
00
00
00
70
48
48
48
48
00
00
00
00
00
00
00
00
00
00
00
30
48
10
20
78
00
00
00
00
00
00
00
00
00
00
00
00
00
00
00
3C
3C
3C
3C
00
00
00
00
00
00
00
00
00
00
00
00
00
00
00
00
00
00
00
00
00
00
